101.563
105.469
109.375
113.281
117.188
121.094
125
128.906
132.813
136.719
140.625
144.531
148.438
152.344
156.25
160.156
164.063
167.969
171.875
175.781
179.688
183.594
187.5
191.406
195.313
199.219
203.125
207.031
210.938
214.844
218.75
222.656
226.563
230.469
234.375
238.281
242.188
246.094
250
253.906
257.813
261.719
265.625
269.531
273.438
277.344
281.25
285.156
289.063
292.969
296.875
300.781
304.688
308.594
312.5
316.406
320.313
324.219
328.125
332.031
335.938
339.844
343.75
347.656
351.563
355.469
359.375
363.281
367.188
371.094
375
378.906
382.813
386.719
390.625
394.531
398.438
402.344
406.25
410.156
414.063
417.969
421.875
425.781
429.688
433.594
437.5
441.406
445.313
449.219
453.125
457.031
460.938
464.844
468.75
472.656
476.563
480.469
484.375
488.281
492.188
496.094
500
503.906
507.813
511.719
515.625
519.531
523.438
527.344
531.25
535.156
539.063
542.969
546.875
550.781
554.688
558.594
562.5
566.406
570.313
574.219
578.125
582.031
585.938
589.844
593.75
597.656
601.563
605.469
609.375
613.281
617.188
621.094
625
628.906
632.813
636.719
640.625
644.531
648.438
652.344
656.25
660.156
664.063
667.969
671.875
675.781
679.688
683.594
687.5
691.406
695.313
699.219
703.125
707.031
710.938
714.844
718.75
722.656
726.563
730.469
734.375
738.281
742.188
746.094
750
753.906
757.813
761.719
765.625
769.531
773.438
777.344
781.25
785.156
789.063
792.969
796.875
800.781
804.688
808.594
812.5
816.406
820.313
824.219
828.125
832.031
835.938
839.844
843.75
847.656
851.563
855.469
859.375
863.281
867.188
871.094
875
878.906
882.813
886.719
890.625
894.531
898.438
902.344
906.25
910.156
914.063
917.969
921.875
925.781
929.688
933.594
937.5
941.406
945.313
949.219
953.125
957.031
960.938
964.844
968.75
972.656
976.563
980.469
984.375
988.281
992.188
996.094
1000
1003.91
1007.81
1011.72
1015.63
1019.53
1023.44
1027.34
1031.25
1035.16
1039.06
1042.97
1046.88
1050.78
1054.69
1058.59
1062.5
1066.41
1070.31
1074.22
1078.13
1082.03
1085.94
1089.84
1093.75
1097.66
1101.56
1105.47
1109.38
1113.28
1117.19
1121.09
1125
1128.91
1132.81
1136.72
1140.63
1144.53
1148.44
1152.34
1156.25
1160.16
1164.06
1167.97
1171.88
1175.78
1179.69
1183.59
1187.5
1191.41
1195.31
1199.22
1203.13
1207.03
1210.94
1214.84
1218.75
1222.66
1226.56
1230.47
1234.38
1238.28
1242.19
1246.09
1250
1253.91
1257.81
1261.72
1265.63
1269.53
1273.44
1277.34
1281.25
1285.16
1289.06
1292.97
1296.88
1300.78
1304.69
1308.59
1312.5
1316.41
1320.31
1324.22
1328.13
1332.03
1335.94
1339.84
1343.75
1347.66
1351.56
1355.47
1359.38
1363.28
1367.19
1371.09
1375
1378.91
1382.81
1386.72
1390.63
1394.53
1398.44
1402.34
1406.25
1410.16
1414.06
1417.97
1421.88
1425.78
1429.69
1433.59
1437.5
1441.41
1445.31
1449.22
1453.13
1457.03
1460.94
1464.84
1468.75
1472.66
1476.56
1480.47
1484.38
1488.28
1492.19
1496.09
1500
1503.91
1507.81
1511.72
1515.63
1519.53
1523.44
1527.34
1531.25
1535.16
1539.06
1542.97
1546.88
1550.78
1554.69
1558.59
1562.5
1566.41
1570.31
1574.22
1578.13
1582.03
1585.94
1589.84
1593.75
1597.66
1601.56
1605.47
1609.38
1613.28
1617.19
1621.09
1625
1628.91
1632.81
1636.72
1640.63
1644.53
1648.44
1652.34
1656.25
