-1.233287e+002
-1.231817e+002
-1.233287e+002
-1.220999e+002
-1.169671e+002
-1.141567e+002
-1.165791e+002
-1.177373e+002
-1.233287e+002
-1.233287e+002
-1.233287e+002
-1.233287e+002
-1.233287e+002
-1.233287e+002
-1.233287e+002
-1.233287e+002
-1.233287e+002
-1.233287e+002
-1.233287e+002
-1.224586e+002
-1.233287e+002
-1.233287e+002
-1.233287e+002
-1.233287e+002
-1.233287e+002
-1.233287e+002
-1.233287e+002
-1.233287e+002
-1.228055e+002
-1.233287e+002
-1.207476e+002
-1.162733e+002
-1.199833e+002
-1.233287e+002
-1.233287e+002
-1.233287e+002
-1.233287e+002
-1.233287e+002
-1.229289e+002
-1.214767e+002
-1.233287e+002
-1.233287e+002
-1.233287e+002
-1.233287e+002
-1.221234e+002
-1.191308e+002
-1.232641e+002
-1.233287e+002
-1.233287e+002
-1.233287e+002
-1.229289e+002
-1.210181e+002
-1.231817e+002
-1.219353e+002
-1.167731e+002
-1.146918e+002
-1.145507e+002
-1.151327e+002
-1.182724e+002
-1.233287e+002
-1.233287e+002
-1.217883e+002
-1.231817e+002
-1.233287e+002
-1.233287e+002
-1.233287e+002
-1.233287e+002
-1.233287e+002
-1.233287e+002
-1.233287e+002
-1.233287e+002
-1.233287e+002
-1.233287e+002
-1.233287e+002
-1.233287e+002
-1.233287e+002
-1.233287e+002
-1.233287e+002
-1.233287e+002
-1.233287e+002
-1.233287e+002
-1.233287e+002
-1.233287e+002
-1.233287e+002
-1.228231e+002
-1.233287e+002
-1.217295e+002
-1.229289e+002
-1.191131e+002
-1.198951e+002
-1.207476e+002
-1.233287e+002
-1.233287e+002
-1.233287e+002
-1.213944e+002
-1.233287e+002
-1.233287e+002
-1.201479e+002
-1.173552e+002
-1.173023e+002
-1.196835e+002
-1.203831e+002
-1.192836e+002
-1.213944e+002
-1.216472e+002
-1.160205e+002
-1.151974e+002
-1.147388e+002
-1.172435e+002
-1.231817e+002
-1.233287e+002
-1.233287e+002
-1.233287e+002
-1.233287e+002
-1.210181e+002
-1.233287e+002
-1.233287e+002
-1.233287e+002
-1.233287e+002
-1.233287e+002
-1.233287e+002
-1.222939e+002
-1.233287e+002
-1.233287e+002
-1.233287e+002
-1.233287e+002
-1.233287e+002
-1.233287e+002
-1.224468e+002
-1.233287e+002
-1.219353e+002
-1.212827e+002
-1.233287e+002
-1.233287e+002
-1.233287e+002
-1.233287e+002
-1.233287e+002
-1.233287e+002
-1.233287e+002
-1.233287e+002
-1.224057e+002
-1.233287e+002
-1.233287e+002
-1.212944e+002
-1.233287e+002
-1.233287e+002
-1.220999e+002
-1.233287e+002
-1.233287e+002
-1.233287e+002
-1.233287e+002
-1.217295e+002
-1.233287e+002
-1.233287e+002
-1.233287e+002
-1.233287e+002
-1.233287e+002
-1.233287e+002
-1.212944e+002
-1.233287e+002
-1.233287e+002
-1.233287e+002
-1.233287e+002
-1.233287e+002
-1.233287e+002
-1.233287e+002
-1.233287e+002
-1.231817e+002
-1.233287e+002
-1.233287e+002
-1.233287e+002
-1.233287e+002
-1.233287e+002
-1.226761e+002
-1.233287e+002
-1.221352e+002
-1.213473e+002
-1.233287e+002
-1.233287e+002
-1.233287e+002
-1.233287e+002
-1.212944e+002
-1.217295e+002
-1.233287e+002
-1.233287e+002
-1.233287e+002
-1.213944e+002
-1.233287e+002
-1.233287e+002
-1.233287e+002
-1.233287e+002
-1.233287e+002
-1.233287e+002
-1.223645e+002
-1.205948e+002
-1.233287e+002
-1.233287e+002
-1.233287e+002
-1.233287e+002
-1.233287e+002
-1.233287e+002
-1.233287e+002
-1.233287e+002
-1.227467e+002
-1.233287e+002
-1.210181e+002
-1.233287e+002
-1.217295e+002
-1.233287e+002
-1.222939e+002
-1.233287e+002
-1.233287e+002
-1.233287e+002
-1.233287e+002
-1.233287e+002
-1.201068e+002
-1.223645e+002
-1.220999e+002
-1.233287e+002
-1.233287e+002
-1.233287e+002
-1.233287e+002
-1.233287e+002
-1.233287e+002
-1.233287e+002
-1.226761e+002
-1.229289e+002
-1.228055e+002
-1.227467e+002
-1.233287e+002
-1.188074e+002
-1.227937e+002
-1.233287e+002
-1.233287e+002
-1.176256e+002
-1.198657e+002
-1.233287e+002
-1.233287e+002
-1.210475e+002
-1.227937e+002
-1.217295e+002
-1.233287e+002
-1.233287e+002
-1.231817e+002
-1.224468e+002
-1.233287e+002
-1.233287e+002
-1.233287e+002
-1.233287e+002
-1.233287e+002
-1.233287e+002
-1.233287e+002
-1.177550e+002
-1.153620e+002
-1.185781e+002
-1.205948e+002
-1.233287e+002
-1.233287e+002
-1.233287e+002
-1.233287e+002
-1.233287e+002
-1.227643e+002
-1.233287e+002
-1.233287e+002
-1.213473e+002
-1.233287e+002
-1.233287e+002
-1.199833e+002
-1.189544e+002
-1.215472e+002
-1.233287e+002
-1.233287e+002
-1.233287e+002
-1.233287e+002
-1.233287e+002
-1.228231e+002
-1.200303e+002
-1.201068e+002
-1.233287e+002
-1.233287e+002
-1.233287e+002
-1.233287e+002
-1.233287e+002
-1.233287e+002
-1.233287e+002
-1.233287e+002
-1.233287e+002
-1.233287e+002
-1.233287e+002
-1.233287e+002
-1.233287e+002
-1.233287e+002
-1.233287e+002
-1.233287e+002
-1.233287e+002
-1.233287e+002
-1.233287e+002
-1.233287e+002
-1.184664e+002
-1.233287e+002
-1.233287e+002
-1.197952e+002
-1.233287e+002
-1.233287e+002
-1.205948e+002
-1.233287e+002
-1.233287e+002
-1.233287e+002
-1.233287e+002
-1.233287e+002
-1.233287e+002
-1.233287e+002
-1.233287e+002
-1.224468e+002
-1.233287e+002
-1.233287e+002
-1.233287e+002
-1.233287e+002
-1.233287e+002
-1.228055e+002
-1.233287e+002
-1.233287e+002
-1.233287e+002
-1.233287e+002
-1.233287e+002
-1.233287e+002
-1.233287e+002
-1.233287e+002
-1.233287e+002
-1.233287e+002
-1.233287e+002
-1.233287e+002
-1.233287e+002
-1.233287e+002
-1.233287e+002
-1.233287e+002
-1.233287e+002
-1.233287e+002
-1.233287e+002
-1.213944e+002
-1.176256e+002
-1.178490e+002
-1.205654e+002
-1.213944e+002
-1.233287e+002
-1.233287e+002
-1.233287e+002
-1.233287e+002
-1.233287e+002
-1.222939e+002
-1.200303e+002
-1.182841e+002
-1.229289e+002
-1.228055e+002
-1.233287e+002
-1.233287e+002
-1.222939e+002
-1.233287e+002
-1.233287e+002
-1.233287e+002
-1.233287e+002
-1.233287e+002
-1.199833e+002
-1.205654e+002
-1.188074e+002
-1.200303e+002
-1.190543e+002
-1.233287e+002
-1.233287e+002
-1.233287e+002
-1.233287e+002
-1.233287e+002
-1.194542e+002
-1.167731e+002
-1.205654e+002
-1.200597e+002
-1.233287e+002
-1.233287e+002
-1.214767e+002
-1.233287e+002
-1.233287e+002
-1.233287e+002
-1.233287e+002
-1.233287e+002
-1.231817e+002
-1.233287e+002
-1.210475e+002
-1.233287e+002
-1.233287e+002
-1.233287e+002
-1.233287e+002
-1.233287e+002
-1.233287e+002
-1.196835e+002
-1.203831e+002
-1.233287e+002
-1.233287e+002
-1.233287e+002
-1.233287e+002
-1.211298e+002

